The best params were:
	{'batch_size': 64, 'epochs': 15, 'optimizer': 'adam'}

Classification Report:
              precision    recall  f1-score   support

           0       0.98      0.99      0.98       980
           1       0.99      0.99      0.99      1135
           2       0.97      0.97      0.97      1032
           3       0.98      0.96      0.97      1010
           4       0.98      0.98      0.98       982
           5       0.97      0.98      0.97       892
           6       0.97      0.98      0.97       958
           7       0.97      0.98      0.98      1028
           8       0.96      0.96      0.96       974
           9       0.98      0.96      0.97      1009

    accuracy                           0.97     10000
   macro avg       0.97      0.97      0.97     10000
weighted avg       0.97      0.97      0.97     10000


Confusion Matrix (normalized to true labels):
[[0.99 0.   0.   0.   0.   0.   0.   0.   0.   0.  ]
 [0.   0.99 0.   0.   0.   0.   0.   0.   0.   0.  ]
 [0.   0.   0.97 0.   0.   0.   0.   0.01 0.01 0.  ]
 [0.   0.   0.01 0.96 0.   0.01 0.   0.01 0.01 0.  ]
 [0.   0.   0.   0.   0.98 0.   0.01 0.   0.   0.01]
 [0.   0.   0.   0.   0.   0.98 0.01 0.   0.   0.  ]
 [0.   0.   0.   0.   0.   0.01 0.98 0.   0.   0.  ]
 [0.   0.   0.01 0.   0.   0.   0.   0.98 0.   0.  ]
 [0.01 0.   0.   0.   0.01 0.01 0.01 0.   0.96 0.  ]
 [0.   0.   0.   0.   0.01 0.01 0.   0.01 0.01 0.96]]